n = 0:
no hay raíces
n = 1:
0.0
n = 2:
-0.57735,0.57735
n=3:
-0.774597,0,0.774597
n = 4:
-0.861136,-0.339981,0.339981,0.861136
n = 5:
-0.90618,-0.538469,0,0.538469,0.90618
n = 6:
-0.93247,-0.661209,-0.238619,0.238619,0.661209,0.93247
n = 7:
-0.949108,-0.741531,-0.405845,0,0.405845,0.741531,0.949108
n = 8:
-0.96029,-0.796666,-0.525532,-0.183434,0.183434,0.525532,0.796666,0.96029
n = 9:
-0.96816,-0.836031,-0.613371,-0.324253,0,0.324253,0.613371,0.836031,0.96816
n = 10:
-0.973907,-0.865063,-0.679409,-0.433395,-0.148875,0.148875,0.433395,0.679409,0.865063,0.973907
n = 11:
-0.978229,-0.887063,-0.730152,-0.519096,-0.269543,0,0.269543,0.519096,0.730152,0.887063,0.978229
n = 12:
-0.98156,-0.904117,-0.769902,-0.587318,-0.367831,-0.125233,0.125233,0.367831,0.587318,0.769902,0.904117,0.98156
n = 13:
-0.984183,-0.917598,-0.801578,-0.642349,-0.448492,-0.230458,0,0.230458,0.448492,0.642349,0.801578,0.917598,0.984183
n = 14:
-0.986284,-0.928435,-0.827202,-0.687293,-0.515248,-0.319112,-0.108055,0.108055,0.319112,0.515248,0.687293,0.827202,0.928435,0.986284
n = 15:
-0.987992,-0.937274,-0.848207,-0.724418,-0.570972,-0.394151,-0.201194,0,0.201194,0.394151,0.570972,0.724418,0.848207,0.937274,0.987992
n = 16:
-0.989401,-0.944575,-0.865631,-0.755404,-0.617876,-0.458017,-0.281604,-0.0950123,0.0950123,0.281604,0.458017,0.617876,0.755404,0.865631,0.944575,0.989401
n = 17:
-0.990576,-0.950675,-0.880239,-0.781514,-0.657671,-0.51269,-0.351232,-0.178484,0,0.178484,0.351232,0.51269,0.657671,0.781514,0.880239,0.950675,0.990576
n = 18:
-0.991565,-0.955824,-0.892603,-0.803705,-0.691687,-0.559771,-0.411751,-0.251886,-0.0847753,0.0847753,0.251886,0.411751,0.559771,0.691687,0.803705,0.892603,0.955824,0.991565
n = 19:
-0.992407,-0.960208,-0.903156,-0.822714,-0.720966,-0.600545,-0.46457,-0.316564,-0.160359,0,0.160359,0.316564,0.46457,0.600545,0.720966,0.822714,0.903156,0.960208,0.992407
n = 20:
-0.993128,-0.963972,-0.912234,-0.839117,-0.746332,-0.636054,-0.510867,-0.373706,-0.227786,-0.0765265,0.0765265,0.227786,0.373706,0.510867,0.636054,0.746332,0.839117,0.912234,0.963972,0.993128
